20
0 A
1 B
2 C
3 D
4 E
5 F
6 G
7 H
8 I
9 J
10 K
11 L
12 M
13 N
14 O
15 P
16 Q
17 R
18 S
19 T
0 2
0 4
0 7
0 12
0 14
0 16
0 17
1 6
1 15
1 16
2 0
2 4
2 5
2 8
2 10
2 15
2 17
3 9
3 15
4 0
4 2
4 12
4 19
5 2
5 13
5 15
5 18
6 1
6 11
6 12
6 17
6 19
7 0
7 8
7 12
7 13
7 18
8 2
8 7
8 14
8 15
9 3
9 11
9 12
10 2
10 13
10 15
10 19
11 6
11 9
11 13
11 17
11 18
12 0
12 4
12 6
12 7
12 9
12 13
12 15
12 19
13 5
13 7
13 10
13 11
13 12
13 15
14 0
14 8
15 1
15 2
15 3
15 5
15 8
15 10
15 12
15 13
15 19
16 0
16 1
16 17
17 0
17 2
17 6
17 11
17 16
17 19
18 5
18 7
18 11
18 19
19 4
19 6
19 10
19 12
19 15
19 17
19 18
